0,533
98,5
98,4
98,3
98,2
98,1
98,0
97,6
97,5
97,4
97,3
97,2
97,1
97,0
96,5
96,4
96,3
96,2
96,1
96,0
95,9
95,8
95,7
95,6
95,5
95,4
95,3
95,2
95,1
95,0
94,4
94,3
94,2
94,1
94,0
93,4
93,3
93,2
93,1
93,0
92,4
92,3
92,2
92,1
92,0
0,532
0,531
91,4
91,3
91,2
91,1
91,0
0,530
90,9
90,8
90,7
90,6
90,5
90,4
90,3
90,2
90,1
90,0
89,7
89,6
89,5
89,4
89,3
89,2
89,1
89,0
88,6
88,5
88,4
88,3
88,2
88,1
88,0
87,6
87,5
87,4
87,3
87,2
87,1
87,0
86,5
86,4
86,3
86,2
86,1
86,0
85,3
85,2
85,1
85,0
84,3
84,2
84,1
84,0
83,3
83,2
83,1
83,0
14,8
82,9
82,8
82,7
82,6
82,5
82,4
82,3
82,2
82,1
82,0
81,4
81,3
81,2
81,1
81,0
0,529
0,528
80,3
80,2
0,527
80,1
80,0
79,3
79,2
79,1
79,0
78,3
78,2
78,1
78,0
77,3
77,2
77,1
77,0
76,3
76,2
76,1
76,0
0,526
0,525
0,524
0,523
0,522
75,3
75,2
0,521
75,1
75,0
0,520
0,519
0,518
0,517
0,516
0,515
74,4
74,3
74,2
74,1
74,0
0,514
0,513
0,512
73,4
73,3
73,2
73,1
73,0
14,7
72,9
72,8
72,7
72,6
72,5
72,4
72,3
72,2
72,1
72,0
71,3
71,2
71,1
71,0
14,6
70,7
70,6
70,5
70,4
70,3
70,2
70,1
70,0
69,6
69,5
69,4
69,3
69,2
69,1
69,0
47,6
47,5
47,4
68,7
68,6
68,5
68,4
68,3
68,2
68,1
68,0
67,6
67,5
67,4
67,3
67,2
67,1
67,0
66,4
66,3
66,2
